00010010010000000000000000000000000000000000000000000000000000000000
00000010010000011000000000001000000000000001000000000000000000000000
00000011101100000000000000000100000000000001101001000000000000000000
00000011000100000000000000000100000000000001101001000000000000000000
00011010100000000000000000000000000000000000000000000000000000000000
00000010010000011000000000001000000000000001000000000000100000000000
00000011001100000000000000000100000000000001101001000000000010000000
00000010111100000000000000000100000000000001101001000000000010000000
00100100100100000000000000001000000000000010000000000001100000000000
00000010010000011000000000001000000000000001000000000001000000000000
00100100101010000010010000000000010000000000000000100000000000000000
00100100101010000010010000000000010000000000000000100000000000000000
00000010010000000100000000000000000000100001100000000000000000000000
00000010010000011000000000000010000000000001000000000000000000000000
00000010010000010000000000000100000000000000010001000000000010000000
00000011100100000000000000000100000000000000000000000000000010000000
00001010000000000000000000000000000000000000000000000000011100000000
00001010001000000000000000000000000000000000000000000000011000000000
00101100001100000100000000100000000000000000000000000000000000000000
00101100001100000100000000100000000000000000000000000000000000000000
00000010010000010100000000100000000000100101100000000000000000000000
00000010010000010100000000100000000000100100011000000000000010000000
00000010010000000100000000000000000000100000010001000000000010000000
00000010000010000000000000001000000000000000000000000001100100000000
00000010001010000000000000001000000000000000000000000001100000000000
00001011001010000000000000000000000000000000000000000000010100000000
00000000000000000000000000000000000000000000000000000000000000000000
00000010010000011000000000010000000000000000000000000000000100000000
00001011100010010000000000100000000000000100000000000000010100000000
00001011101010000000000000000000000000000000000000000000010000000000
00000010010000000100000000010000000000010000000000000000000100000000
00000010010000011000000000010000000000000000000000000000000000000000
01000000000000100000000000000000000000000000000000000000000000000000
00001100001010000000000000000000000000000000000000000000010100000000
00100110011000010000000000000000001000001010000100000000000000000000
00000100000001000000000000010000000000000000000000000000000100000000
00001100100010000000000000000000000000000000000000000000010100000000
00000101001100010000000000000000001000001010000010000000000000000000
00000100111000000100000000010000000000010000000000000000000100000000
00000101000100010000000000000000001000001010000100000000000000000000
00001101000010000000000000000000000000000000000000000000010100000000
00001101001000000000000000000000000000000000000000000000011100000000
00000100010000001010000000010000000000000000000000001000000100000000
00000101111010000000000000000000100000000000000000000000000000000000
00000101101010000010010000000000010000000000000000110000000000000000
00000100101000010000100000000000001000001010000000000000000000000000
00000000000000000000000000000000000000000000000000000000000000000000
00000110000100010000000000000000001000001010000010000000000000000000
00001110000000000000000000000000000000000000000000000000011100000000
00100100101010000010010000000000010000000000000000000000000000000000
00000110100100000000000000000001000000000000000000000000000000000000
00000010010000000000000000000000000000000000000000000000000000000000
00001110100010000000000000000000000000000000000000000000010100000000
00000000000000000000000000000000000000000000000000000000000000000000
00000010010000000100000000010000000000010000000000000000000100000000
00000000000000000000000000000000000000000000000000000000000000000000
00000000000000000000000000000000000000000000000000000000000000000000
00000000000000000000000000000000000000000000000000000000000000000000
00000000000000000000000000000000000000000000000000000000000000000000
00000010010000010001000000000000001000001010000110000000000000000000
00000000000000000000000000000000000000000000000000000000000000000000
00000000000000000000000000000000000000000000000000000000000000000000
00000000000000000000000000000000000000000000000000000000000000000000
00100100101010000010010000000000010000000000000000010000000000000000
